1490281200.0 236.0
1490284800.0 517.0
1490288400.0 555.0
1490292000.0 577.0
1490295600.0 561.0
1490299200.0 573.0
1490302800.0 552.0
1490306400.0 549.0
1490310000.0 473.0
1490313600.0 559.0
1490317200.0 614.0
1490320800.0 658.0
1490324400.0 598.0
1490328000.0 606.0
1490331600.0 513.0
1490335200.0 437.0
1490338800.0 352.0
1490342400.0 375.0
1490346000.0 354.0
1490349600.0 407.0
1490353200.0 425.0
1490356800.0 366.0
1490360400.0 399.0
1490364000.0 410.0
1490367600.0 266.0
1490371200.0 303.0
1490374800.0 350.0
1490378400.0 329.0
1490382000.0 280.0
1490385600.0 252.0
1490389200.0 367.0
1490392800.0 348.0
1490396400.0 317.0
1490400000.0 320.0
1490403600.0 318.0
1490407200.0 231.0
1490410800.0 223.0
1490414400.0 265.0
1490418000.0 337.0
1490421600.0 310.0
1490425200.0 298.0
1490428800.0 183.0
1490432400.0 186.0
1490436000.0 96.0
1490439600.0 167.0
1490443200.0 278.0
1490446800.0 258.0
1490450400.0 276.0
1490454000.0 258.0
1490457600.0 329.0
1490461200.0 307.0
1490464800.0 291.0
1490468400.0 292.0
1490472000.0 283.0
1490475600.0 281.0
1490479200.0 258.0
1490482800.0 256.0
1490486400.0 229.0
1490490000.0 249.0
1490497200.0 216.0
1490500800.0 303.0
1490504400.0 237.0
1490508000.0 189.0
1490511600.0 235.0
1490515200.0 172.0
1490518800.0 97.0
1490522400.0 139.0
1490526000.0 124.0
1490529600.0 119.0
1490533200.0 97.0
1490536800.0 113.0
1490540400.0 53.0
1490544000.0 202.0
1490547600.0 120.0
1490551200.0 161.0
1490554800.0 86.0
1490558400.0 125.0
1490562000.0 124.0
1490565600.0 114.0
1490569200.0 144.0
1490572800.0 216.0
1490576400.0 150.0
1490580000.0 123.0
1490583600.0 100.0
1490587200.0 102.0
1490590800.0 134.0
1490594400.0 137.0
1490598000.0 104.0
1490601600.0 84.0
1490605200.0 8.0
1490608800.0 15.0
1490612400.0 57.0
1490616000.0 47.0
1490619600.0 80.0
1490623200.0 77.0
1490626800.0 108.0
1490630400.0 151.0
1490634000.0 139.0
1490637600.0 239.0
1490641200.0 204.0
1490644800.0 111.0
1490648400.0 137.0
1490652000.0 182.0
1490655600.0 264.0
1490659200.0 200.0
1490662800.0 171.0
1490666400.0 166.0
1490670000.0 260.0
1490673600.0 144.0
1490677200.0 153.0
1490680800.0 164.0
1490684400.0 46.0
1490688000.0 263.0
1490691600.0 268.0
1490695200.0 256.0
1490698800.0 241.0
1490702400.0 242.0
1490706000.0 425.0
1490709600.0 305.0
1490713200.0 301.0
1490716800.0 325.0
1490720400.0 330.0
1490724000.0 311.0
1490727600.0 383.0
1490731200.0 441.0
1490734800.0 372.0
1490738400.0 297.0
1490742000.0 314.0
1490745600.0 333.0
1490749200.0 263.0
1490752800.0 259.0
1490756400.0 237.0
1490760000.0 299.0
1490763600.0 307.0
1490767200.0 302.0
1490770800.0 47.0
1490774400.0 224.0
1490778000.0 197.0
1490781600.0 276.0
1490785200.0 144.0
1490788800.0 200.0
1490792400.0 102.0
1490796000.0 231.0
1490799600.0 165.0
1490803200.0 103.0
1490806800.0 82.0
1490810400.0 89.0
1490814000.0 92.0
1490817600.0 91.0
1490821200.0 88.0
1490824800.0 114.0
1490828400.0 138.0
1490832000.0 83.0
1490835600.0 112.0
1490839200.0 113.0
1490842800.0 119.0
1490846400.0 123.0
1490850000.0 95.0
1490853600.0 115.0
1490857200.0 145.0
1490860800.0 205.0
1490864400.0 173.0
1490868000.0 168.0
1490871600.0 172.0
1490875200.0 201.0
1490878800.0 193.0
1490882400.0 151.0
1490886000.0 305.0
1490889600.0 190.0
1490893200.0 154.0
1490896800.0 143.0
1490900400.0 153.0
1490904000.0 179.0
1490907600.0 271.0
1490911200.0 178.0
1490914800.0 153.0
1490918400.0 165.0
1490922000.0 180.0
1490925600.0 234.0
1490929200.0 209.0
1490932800.0 189.0
1490936400.0 271.0
1490940000.0 343.0
1490943600.0 320.0
1490947200.0 313.0
1490950800.0 379.0
1490954400.0 343.0
1490958000.0 333.0
1490961600.0 352.0
1490965200.0 275.0
1490968800.0 256.0
1490972400.0 307.0
1490976000.0 238.0
1490979600.0 285.0
1490983200.0 422.0
1490986800.0 321.0
1490990400.0 380.0
1490994000.0 453.0
1490997600.0 327.0
1491001200.0 288.0
1491004800.0 338.0
1491008400.0 330.0
1491012000.0 346.0
1491015600.0 340.0
1491019200.0 382.0
1491022800.0 334.0
1491026400.0 306.0
1491030000.0 261.0
1491033600.0 147.0
1491037200.0 194.0
1491040800.0 156.0
1491044400.0 63.0
1491048000.0 23.0
1491051600.0 36.0
1491055200.0 53.0
1491058800.0 169.0
1491062400.0 210.0
1491066000.0 189.0
1491069600.0 141.0
1491073200.0 194.0
1491076800.0 252.0
1491080400.0 322.0
1491084000.0 225.0
1491087600.0 306.0
1491091200.0 313.0
1491094800.0 294.0
1491098400.0 275.0
1491102000.0 235.0
1491105600.0 251.0
1491109200.0 312.0
1491112800.0 302.0
1491116400.0 256.0
1491120000.0 258.0
1491123600.0 323.0
1491127200.0 276.0
1491130800.0 240.0
1491134400.0 188.0
1491138000.0 125.0
1491141600.0 125.0
1491145200.0 263.0
1491148800.0 280.0
1491152400.0 258.0
1491156000.0 245.0
1491159600.0 171.0
1491163200.0 207.0
1491166800.0 230.0
1491170400.0 161.0
1491174000.0 226.0
1491177600.0 182.0
1491181200.0 191.0
1491184800.0 237.0
1491188400.0 220.0
1491192000.0 187.0
1491195600.0 195.0
1491199200.0 197.0
1491202800.0 113.0
1491206400.0 116.0
1491210000.0 122.0
1491213600.0 144.0
1491217200.0 101.0
1491220800.0 109.0
1491224400.0 100.0
1491228000.0 177.0
1491231600.0 170.0
1491235200.0 191.0
1491238800.0 168.0
1491242400.0 205.0
1491246000.0 297.0
1491249600.0 216.0
1491253200.0 263.0
1491256800.0 423.0
1491260400.0 302.0
1491264000.0 307.0
1491267600.0 455.0
1491271200.0 472.0
1491274800.0 408.0
1491278400.0 371.0
1491282000.0 310.0
1491285600.0 340.0
1491289200.0 284.0
1491292800.0 334.0
1491296400.0 255.0
1491300000.0 327.0
1491303600.0 374.0
1491307200.0 269.0
1491310800.0 142.0
1491314400.0 131.0
1491318000.0 121.0
1491321600.0 29.0
1491325200.0 29.0
1491328800.0 76.0
1491332400.0 34.0
1491336000.0 113.0
1491339600.0 43.0
1491343200.0 67.0
1491346800.0 55.0
1491350400.0 128.0
1491354000.0 66.0
1491357600.0 164.0
1491361200.0 109.0
1491364800.0 85.0
1491368400.0 90.0
1491372000.0 99.0
1491375600.0 86.0
1491379200.0 131.0
1491382800.0 48.0
1491386400.0 38.0
1491390000.0 69.0
1491393600.0 80.0
1491397200.0 81.0
1491400800.0 92.0
1491404400.0 187.0
1491408000.0 81.0
1491411600.0 239.0
1491415200.0 259.0
1491418800.0 38.0
